Keypoint,Model,Good (%),Near Miss (%),Miss (%)
Nose,DLC - Buttom-up model,86.0,14.0,0.0
Nose,DLC - Top-down model,95.5,4.5,0.0
Nose,LP - Buttom-up model,93.0,7.0,0.0
Nose,LP - TCN model,68.6,24.7,6.7
Nose,SLEAP - Singe-instance,86.4,12.4,1.2
Nose,SLEAP - Top-down model,93.4,5.8,0.8
MthTop,DLC - Buttom-up model,87.2,11.9,0.8
MthTop,DLC - Top-down model,95.9,4.1,0.0
MthTop,LP - Buttom-up model,91.3,8.3,0.4
MthTop,LP - TCN model,71.1,22.6,6.3
MthTop,SLEAP - Singe-instance,86.0,12.8,1.2
MthTop,SLEAP - Top-down model,81.4,16.9,1.7
MthLCorn,DLC - Buttom-up model,83.7,16.3,0.0
MthLCorn,DLC - Top-down model,96.9,3.1,0.0
MthLCorn,LP - Buttom-up model,83.4,14.0,2.6
MthLCorn,LP - TCN model,69.5,26.5,4.0
MthLCorn,SLEAP - Singe-instance,77.4,20.4,2.2
MthLCorn,SLEAP - Top-down model,73.5,23.5,3.1
MthBott,DLC - Buttom-up model,81.4,18.2,0.4
MthBott,DLC - Top-down model,94.1,5.9,0.0
MthBott,LP - Buttom-up model,84.9,14.7,0.4
MthBott,LP - TCN model,72.2,22.2,5.6
MthBott,SLEAP - Singe-instance,82.2,15.7,2.1
MthBott,SLEAP - Top-down model,67.8,28.8,3.4
MthRCorn,DLC - Buttom-up model,75.6,21.1,3.3
MthRCorn,DLC - Top-down model,95.5,4.5,0.0
MthRCorn,LP - Buttom-up model,84.7,13.2,2.1
MthRCorn,LP - TCN model,64.1,30.8,5.1
MthRCorn,SLEAP - Singe-instance,82.2,15.8,2.1
MthRCorn,SLEAP - Top-down model,68.9,25.3,5.8
EyeL,DLC - Buttom-up model,86.2,12.4,1.4
EyeL,DLC - Top-down model,94.5,4.6,0.9
EyeL,LP - Buttom-up model,80.3,16.1,3.7
EyeL,LP - TCN model,70.8,21.5,7.8
EyeL,SLEAP - Singe-instance,82.0,15.7,2.3
EyeL,SLEAP - Top-down model,71.4,23.5,5.1
EyeR,DLC - Buttom-up model,84.1,13.7,2.1
EyeR,DLC - Top-down model,96.1,3.4,0.4
EyeR,LP - Buttom-up model,84.4,12.6,3.0
EyeR,LP - TCN model,74.2,20.5,5.2
EyeR,SLEAP - Singe-instance,87.9,10.3,1.7
EyeR,SLEAP - Top-down model,75.4,20.7,3.9
EarLTip,DLC - Buttom-up model,76.1,19.3,4.5
EarLTip,DLC - Top-down model,87.7,11.1,1.2
EarLTip,LP - Buttom-up model,80.3,15.1,4.6
EarLTip,LP - TCN model,61.1,33.1,5.9
EarLTip,SLEAP - Singe-instance,64.0,27.5,8.5
EarLTip,SLEAP - Top-down model,60.9,28.8,10.3
EarRTip,DLC - Buttom-up model,77.8,17.3,4.9
EarRTip,DLC - Top-down model,90.1,8.6,1.2
EarRTip,LP - Buttom-up model,74.7,20.3,5.1
EarRTip,LP - TCN model,59.4,32.2,8.4
EarRTip,SLEAP - Singe-instance,71.5,23.8,4.7
EarRTip,SLEAP - Top-down model,64.7,29.5,5.8
TrgLTip,DLC - Buttom-up model,81.2,15.8,3.0
TrgLTip,DLC - Top-down model,89.1,9.7,1.2
TrgLTip,LP - Buttom-up model,66.0,26.3,7.7
TrgLTip,LP - TCN model,61.7,26.2,12.1
TrgLTip,SLEAP - Singe-instance,65.8,28.6,5.6
TrgLTip,SLEAP - Top-down model,54.6,33.7,11.7
TrgRTip,DLC - Buttom-up model,64.3,25.1,10.6
TrgRTip,DLC - Top-down model,84.9,11.1,4.0
TrgRTip,LP - Buttom-up model,67.4,23.2,9.5
TrgRTip,LP - TCN model,46.6,36.5,16.9
TrgRTip,SLEAP - Singe-instance,54.3,29.8,16.0
TrgRTip,SLEAP - Top-down model,47.7,36.7,15.6
EarLMidL,DLC - Buttom-up model,65.9,25.6,8.5
EarLMidL,DLC - Top-down model,78.7,16.5,4.9
EarLMidL,LP - Buttom-up model,56.4,27.9,15.7
EarLMidL,LP - TCN model,49.7,30.1,20.2
EarLMidL,SLEAP - Singe-instance,43.9,37.4,18.7
EarLMidL,SLEAP - Top-down model,40.7,41.4,17.9
EarLMidR,DLC - Buttom-up model,69.1,26.5,4.3
EarLMidR,DLC - Top-down model,89.1,9.1,1.7
EarLMidR,LP - Buttom-up model,68.2,21.9,9.9
EarLMidR,LP - TCN model,59.0,27.3,13.7
EarLMidR,SLEAP - Singe-instance,64.0,28.9,7.0
EarLMidR,SLEAP - Top-down model,55.5,34.9,9.6
EarRMidL,DLC - Buttom-up model,72.4,24.7,2.9
EarRMidL,DLC - Top-down model,89.1,9.2,1.7
EarRMidL,LP - Buttom-up model,71.2,21.6,7.2
EarRMidL,LP - TCN model,58.2,33.8,8.0
EarRMidL,SLEAP - Singe-instance,66.8,24.6,8.6
EarRMidL,SLEAP - Top-down model,59.7,29.0,11.3
EarRMidR,DLC - Buttom-up model,57.4,31.8,10.8
EarRMidR,DLC - Top-down model,78.5,17.4,4.1
EarRMidR,LP - Buttom-up model,55.9,30.3,13.8
EarRMidR,LP - TCN model,40.6,39.1,20.3
EarRMidR,SLEAP - Singe-instance,48.9,26.3,24.7
EarRMidR,SLEAP - Top-down model,40.1,34.0,25.9
TrgLBaseL,DLC - Buttom-up model,72.9,24.0,3.1
TrgLBaseL,DLC - Top-down model,81.4,17.1,1.6
TrgLBaseL,LP - Buttom-up model,64.5,29.8,5.8
TrgLBaseL,LP - TCN model,65.3,24.2,10.5
TrgLBaseL,SLEAP - Singe-instance,54.7,35.9,9.4
TrgLBaseL,SLEAP - Top-down model,47.3,41.1,11.6
TrgLBaseR,DLC - Buttom-up model,74.8,22.9,2.3
TrgLBaseR,DLC - Top-down model,87.8,10.7,1.5
TrgLBaseR,LP - Buttom-up model,71.8,21.8,6.5
TrgLBaseR,LP - TCN model,67.2,23.2,9.6
TrgLBaseR,SLEAP - Singe-instance,58.0,34.4,7.6
TrgLBaseR,SLEAP - Top-down model,57.3,33.6,9.2
TrgRBaseL,DLC - Buttom-up model,78.4,18.9,2.7
TrgRBaseL,DLC - Top-down model,93.2,6.8,0.0
TrgRBaseL,LP - Buttom-up model,72.6,25.3,2.1
TrgRBaseL,LP - TCN model,66.2,23.0,10.8
TrgRBaseL,SLEAP - Singe-instance,71.1,20.1,8.7
TrgRBaseL,SLEAP - Top-down model,58.1,31.1,10.8
TrgRBaseR,DLC - Buttom-up model,78.7,19.9,1.4
TrgRBaseR,DLC - Top-down model,87.2,12.1,0.7
TrgRBaseR,LP - Buttom-up model,71.6,22.0,6.4
TrgRBaseR,LP - TCN model,57.7,33.1,9.2
TrgRBaseR,SLEAP - Singe-instance,66.7,25.5,7.8
TrgRBaseR,SLEAP - Top-down model,59.6,28.4,12.1
Worm,DLC - Buttom-up model,70.5,19.8,9.7
Worm,DLC - Top-down model,83.5,11.0,5.5
Worm,LP - Buttom-up model,80.1,12.0,7.9
Worm,LP - TCN model,68.7,18.4,12.9
Worm,SLEAP - Singe-instance,73.6,16.9,9.6
Worm,SLEAP - Top-down model,64.8,23.6,11.5
